[gd_scene load_steps=17 format=3 uid="uid://diu1cd4qatbpn"]

[ext_resource type="PackedScene" uid="uid://dipwpqja53f8k" path="res://models/Unarmed Walk Forward.fbx" id="1_eqtv3"]

[sub_resource type="CapsuleShape3D" id="CapsuleShape3D_eqtv3"]
radius = 0.0012167717
height = 0.012167716

[sub_resource type="CapsuleShape3D" id="CapsuleShape3D_fsl0f"]
radius = 0.0012879306
height = 0.012879306

[sub_resource type="CapsuleShape3D" id="CapsuleShape3D_7m47r"]
radius = 0.0004497122
height = 0.004497122

[sub_resource type="CapsuleShape3D" id="CapsuleShape3D_mwerr"]
radius = 0.0018392965
height = 0.018392965

[sub_resource type="CapsuleShape3D" id="CapsuleShape3D_ams1h"]
radius = 0.0021839829
height = 0.02183983

[sub_resource type="CapsuleShape3D" id="CapsuleShape3D_e714u"]
radius = 0.0017863332
height = 0.017863331

[sub_resource type="CapsuleShape3D" id="CapsuleShape3D_vturp"]
radius = 0.0021839833
height = 0.021839833

[sub_resource type="CapsuleShape3D" id="CapsuleShape3D_oant3"]
radius = 0.0017863332
height = 0.017863331

[sub_resource type="CapsuleShape3D" id="CapsuleShape3D_8kjy3"]
radius = 0.0016401432
height = 0.016401432

[sub_resource type="CapsuleShape3D" id="CapsuleShape3D_gvpsq"]
radius = 0.0023498
height = 0.023497999

[sub_resource type="CapsuleShape3D" id="CapsuleShape3D_jmt7i"]
radius = 0.0018729037
height = 0.018729037

[sub_resource type="CapsuleShape3D" id="CapsuleShape3D_gkgp3"]
radius = 0.0008246704
height = 0.008246704

[sub_resource type="CapsuleShape3D" id="CapsuleShape3D_mqqt1"]
radius = 0.0023498
height = 0.023497999

[sub_resource type="CapsuleShape3D" id="CapsuleShape3D_c8sx3"]
radius = 0.0018729037
height = 0.018729037

[sub_resource type="CapsuleShape3D" id="CapsuleShape3D_rcrk3"]
radius = 0.0008246704
height = 0.008246704

[node name="Unarmed Walk Forward" instance=ExtResource("1_eqtv3")]

[node name="Armature" parent="." index="0"]
transform = Transform3D(99.87013, 0.7797926, -5.034761, 4.95464, 8.154194, 99.543755, 1.1867762, -99.66394, 8.104969, -0.0017192817, 5.1117525, 0.012790718)

[node name="Skeleton3D" parent="Armature" index="0"]
bones/0/rotation = Quaternion(0.7369434, 0.020230573, 0.010757911, 0.675566)
bones/1/rotation = Quaternion(0.08468524, 0.044953976, -0.0078617195, 0.9953621)
bones/2/rotation = Quaternion(-0.0058753663, -0.016305879, 0.009312556, 0.99980646)
bones/3/rotation = Quaternion(-0.017816551, -0.01625458, 0.009401773, 0.99966496)
bones/5/rotation = Quaternion(-0.100671984, 0.030303326, 0.9808057, -0.16421694)
bones/6/rotation = Quaternion(0.123866774, 0.35564893, -0.02866616, 0.92593145)
bones/8/rotation = Quaternion(0.0044373125, 0.20855035, 0.95642775, 0.20428662)
bones/9/rotation = Quaternion(0.22673735, -0.20241, 0.020692177, 0.9524665)
bones/12/rotation = Quaternion(-0.2955361, -0.027409965, -0.051970772, 0.95352304)
bones/13/rotation = Quaternion(0.5598943, 0.059914976, 0.059759095, 0.8242314)
bones/14/rotation = Quaternion(-0.40789512, -0.039925467, 0.055886555, 0.9104419)
bones/16/rotation = Quaternion(-0.13189563, 0.039564297, 0.057170343, 0.9888225)
bones/17/rotation = Quaternion(0.32193953, -0.04617232, -0.06966766, 0.9430639)
bones/18/rotation = Quaternion(-0.653157, 0.006469615, 0.048094835, 0.75566596)

[node name="Body_001" parent="Armature/Skeleton3D" index="0"]
transform = Transform3D(0.99895, 0.015282214, 0.04319011, 0.04435293, -0.08640265, -0.99527246, -0.01147823, 0.99614304, -0.08698975, 0, 0, 0.011445518)
bone_idx = 0

[node name="Body" parent="Armature/Skeleton3D" index="1"]
transform = Transform3D(0.9907435, 0.045551766, 0.12787576, 0.13525571, -0.25120527, -0.9584371, -0.011535432, 0.96686125, -0.2550412, 0.00018594964, -0.0010513229, 0.023566304)
bone_idx = 1

[node name="Neck1" parent="Armature/Skeleton3D" index="2"]
transform = Transform3D(0.99505734, 0.025740236, 0.09590821, 0.09928899, -0.24208587, -0.965161, -0.0016254503, 0.9699132, -0.2434451, 0.00077262474, -0.0042866725, 0.036018807)
bone_idx = 2

[node name="Head1" parent="Armature/Skeleton3D" index="3"]
transform = Transform3D(0.9979391, 0.0041456707, 0.06403467, 0.06348549, -0.20902309, -0.9758476, 0.00933918, 0.9779018, -0.20885555, 0.00088838174, -0.005375362, 0.040380627)
bone_idx = 3

[node name="Text" parent="Armature/Skeleton3D" index="4"]
transform = Transform3D(0.9979391, 0.0041456707, 0.06403467, 0.06348549, -0.20902309, -0.9758476, 0.00933918, 0.9779018, -0.20885555, 0.00088838174, -0.005375362, 0.040380627)
bone_idx = 3

[node name="Text_001" parent="Armature/Skeleton3D" index="5"]
transform = Transform3D(0.9979391, 0.0041456707, 0.06403467, 0.06348549, -0.20902309, -0.9758476, 0.00933918, 0.9779018, -0.20885555, 0.00088838174, -0.005375362, 0.040380627)
bone_idx = 3

[node name="LeftArm" parent="Armature/Skeleton3D" index="6"]
transform = Transform3D(-0.9561581, 0.28192124, -0.07926132, 0.13696674, 0.19127744, -0.9719325, -0.25884756, -0.94017726, -0.22150528, 0.013542854, -0.0018995056, 0.03329885)
bone_idx = 5

[node name="LeftArm_001" parent="Armature/Skeleton3D" index="7"]
transform = Transform3D(-0.9561581, 0.28192124, -0.07926132, 0.13696674, 0.19127744, -0.9719325, -0.25884756, -0.94017726, -0.22150528, 0.013542854, -0.0018995056, 0.03329885)
bone_idx = 5

[node name="Icosphere_003" parent="Armature/Skeleton3D" index="8"]
transform = Transform3D(-0.65006655, 0.12123985, -0.750143, 0.7558211, 0.0013039708, -0.6547765, -0.078406885, -0.9926223, -0.09248334, 0.019699967, 0.002277961, 0.01276554)
bone_idx = 6

[node name="Cylinder_003" parent="Armature/Skeleton3D" index="9"]
transform = Transform3D(-0.65006655, 0.12123985, -0.750143, 0.7558211, 0.0013039708, -0.6547765, -0.078406885, -0.9926223, -0.09248334, 0.019699967, 0.002277961, 0.01276554)
bone_idx = 6

[node name="RightArm" parent="Armature/Skeleton3D" index="10"]
transform = Transform3D(-0.8999371, -0.3718624, 0.22766522, -0.14905831, -0.22830069, -0.9621123, 0.4097496, -0.899776, 0.15002702, -0.0122289155, -0.0054178583, 0.03359892)
bone_idx = 8

[node name="RightArm_001" parent="Armature/Skeleton3D" index="11"]
transform = Transform3D(-0.8999371, -0.3718624, 0.22766522, -0.14905831, -0.22830069, -0.9621123, 0.4097496, -0.899776, 0.15002702, -0.0122289155, -0.0054178583, 0.03359892)
bone_idx = 8

[node name="Icosphere_008" parent="Armature/Skeleton3D" index="12"]
transform = Transform3D(-0.71603256, -0.11880705, 0.6878824, -0.50475734, -0.59256995, -0.6277585, 0.48220065, -0.7967093, 0.3643305, -0.02035033, -0.010403907, 0.013947962)
bone_idx = 9

[node name="Cylinder_008" parent="Armature/Skeleton3D" index="13"]
transform = Transform3D(-0.71603256, -0.11880705, 0.6878824, -0.50475734, -0.59256995, -0.6277585, 0.48220065, -0.7967093, 0.3643305, -0.02035033, -0.010403907, 0.013947962)
bone_idx = 9

[node name="Cube" parent="Armature/Skeleton3D" index="14"]
transform = Transform3D(1, 0, 0, 0, -1.1920928e-07, 0.9999999, 0, -0.9999999, -1.1920928e-07, 0, 0, 0.011445518)
bone_idx = 11

[node name="Cube_001" parent="Armature/Skeleton3D" index="15"]
transform = Transform3D(1, 0, 0, 0, -1.1920928e-07, 0.9999999, 0, -0.9999999, -1.1920928e-07, 0, 0, 0.011445518)
bone_idx = 11

[node name="LeftLeg" parent="Armature/Skeleton3D" index="16"]
transform = Transform3D(0.99309546, 0.115311906, -0.021553585, 0.082990535, -0.5607519, 0.82381403, 0.08290936, -0.81991476, -0.56645, 0.005549344, 2.3381974e-10, -0.003988591)
bone_idx = 12

[node name="LeftLeg_001" parent="Armature/Skeleton3D" index="17"]
transform = Transform3D(0.99309546, 0.115311906, -0.021553585, 0.082990535, -0.5607519, 0.82381403, 0.08290936, -0.81991476, -0.56645, 0.005549344, 2.3381974e-10, -0.003988591)
bone_idx = 12

[node name="Icosphere_007" parent="Armature/Skeleton3D" index="18"]
transform = Transform3D(0.99865484, -0.009057168, 0.051052548, -0.037298635, 0.55846727, 0.8286873, -0.03601674, -0.82947683, 0.55737835, 0.0082589425, -0.013176547, -0.023254946)
bone_idx = 13

[node name="Cylinder_007" parent="Armature/Skeleton3D" index="19"]
transform = Transform3D(0.99865484, -0.009057168, 0.051052548, -0.037298635, 0.55846727, 0.8286873, -0.03601674, -0.82947683, 0.55737835, 0.0082589425, -0.013176547, -0.023254946)
bone_idx = 13

[node name="Cube_002" parent="Armature/Skeleton3D" index="20"]
transform = Transform3D(0.9894, -0.11323184, -0.09091711, 0.06053824, -0.24746287, 0.96700406, -0.13199425, -0.96225786, -0.23798484, 0.0080893105, -0.002716993, -0.03879025)
bone_idx = 14

[node name="RightLeg" parent="Armature/Skeleton3D" index="21"]
transform = Transform3D(0.9903324, -0.12349933, 0.06316308, -0.09332515, -0.25631896, 0.96207625, -0.10262588, -0.95867, -0.26536658, -0.005549344, 2.3381974e-10, -0.003988591)
bone_idx = 16

[node name="RightLeg_001" parent="Armature/Skeleton3D" index="22"]
transform = Transform3D(0.9903324, -0.12349933, 0.06316308, -0.09332515, -0.25631896, 0.96207625, -0.10262588, -0.95867, -0.26536658, -0.005549344, 2.3381974e-10, -0.003988591)
bone_idx = 16

[node name="Icosphere_006" parent="Armature/Skeleton3D" index="23"]
transform = Transform3D(0.9990635, 0.042749655, -0.0066715404, -0.010092404, 0.38019335, 0.9248518, 0.042073574, -0.92391825, 0.3802688, -0.0084513305, -0.006022982, -0.026515417)
bone_idx = 17

[node name="Cylinder_006" parent="Armature/Skeleton3D" index="24"]
transform = Transform3D(0.9990635, 0.042749655, -0.0066715404, -0.010092404, 0.38019335, 0.9248518, 0.042073574, -0.92391825, 0.3802688, -0.0084513305, -0.006022982, -0.026515417)
bone_idx = 17

[node name="Cube_003" parent="Armature/Skeleton3D" index="25"]
transform = Transform3D(0.9975884, -0.06840436, -0.011751803, -0.052771375, -0.8575181, 0.51173973, -0.045082614, -0.5098855, -0.8590599, -0.0076506706, 0.0010976736, -0.043819517)
bone_idx = 18

[node name="PhysicalBoneSimulator3D" type="PhysicalBoneSimulator3D" parent="Armature/Skeleton3D" index="26"]

[node name="Physical Bone MiddleSpine" type="PhysicalBone3D" parent="Armature/Skeleton3D/PhysicalBoneSimulator3D" index="0"]
transform = Transform3D(0.0099895, 0.00043190143, -0.00015282223, 0.00044352928, -0.009952726, 0.00086402765, -0.00011478232, -0.00086989894, -0.009961432, 9.2934584e-05, -0.00052568456, 0.017506056)
joint_offset = Transform3D(1, 0, 0, 0, 1, 0, 0, 0, 1, 4.3102436e-06, -8.534126e-07, 0.6083998)
body_offset = Transform3D(0.010000001, 1.7462298e-10, -4.7293724e-11, -4.3655746e-11, -1.1641532e-09, -0.010000002, 2.910383e-11, 0.0100000035, -1.2805685e-09, -4.307367e-08, 0.006083999, 9.313226e-09)
bone_name = "MiddleSpine"

[node name="CollisionShape3D" type="CollisionShape3D" parent="Armature/Skeleton3D/PhysicalBoneSimulator3D/Physical Bone MiddleSpine" index="0"]
transform = Transform3D(1, 0, 0, 0, 0, 1, 0, -1, 0, 0, 0, 0)
shape = SubResource("CapsuleShape3D_eqtv3")

[node name="Physical Bone UpperSpine" type="PhysicalBone3D" parent="Armature/Skeleton3D/PhysicalBoneSimulator3D" index="1"]
transform = Transform3D(0.009907436, 0.0012787583, -0.00045551773, 0.0013525572, -0.009584373, 0.0025120534, -0.00011535429, -0.0025504124, -0.009668616, 0.000479287, -0.0026689996, 0.02979254)
joint_type = 1
joint_offset = Transform3D(1, 0, 0, 0, 1, 0, 0, 0, 1, 1.9534719e-08, -5.8878044e-07, 0.643964)
body_offset = Transform3D(0.010000001, 3.4924597e-10, 5.820766e-11, 5.820766e-11, 4.656613e-10, -0.010000002, 1.1641532e-10, 0.01, 4.656613e-10, -2.3283064e-10, 0.006439641, 5.5879354e-09)
bone_name = "UpperSpine"
joint_constraints/bias = 0.3
joint_constraints/damping = 1.0
joint_constraints/impulse_clamp = 0.0

[node name="CollisionShape3D" type="CollisionShape3D" parent="Armature/Skeleton3D/PhysicalBoneSimulator3D/Physical Bone UpperSpine" index="0"]
transform = Transform3D(1, 0, 0, 0, 0, 1, 0, -1, 0, 0, 0, 0)
shape = SubResource("CapsuleShape3D_fsl0f")

[node name="Physical Bone Neck" type="PhysicalBone3D" parent="Armature/Skeleton3D/PhysicalBoneSimulator3D" index="2"]
transform = Transform3D(0.009950574, 0.00095908286, -0.00025740612, 0.0009928913, -0.0096516125, 0.002420858, -1.6258076e-05, -0.0024344507, -0.009699135, 0.0008305062, -0.004831015, 0.038199708)
joint_type = 1
joint_offset = Transform3D(1, 0, 0, 0, 1, 0, 0, 0, 1, -2.3958006e-07, -3.1411954e-08, 0.2248555)
body_offset = Transform3D(0.01, 4.0745363e-10, -3.8417056e-09, -3.812602e-09, 9.313226e-10, -0.010000003, -3.4924597e-10, 0.010000002, 1.3969839e-09, 3.259629e-09, 0.0022485554, 0)
bone_name = "Neck"
joint_constraints/bias = 0.3
joint_constraints/damping = 1.0
joint_constraints/impulse_clamp = 0.0

[node name="CollisionShape3D" type="CollisionShape3D" parent="Armature/Skeleton3D/PhysicalBoneSimulator3D/Physical Bone Neck" index="0"]
transform = Transform3D(1, 0, 0, 0, 0, 1, 0, -1, 0, 0, 0, 0)
shape = SubResource("CapsuleShape3D_7m47r")

[node name="Physical Bone Head" type="PhysicalBone3D" parent="Armature/Skeleton3D/PhysicalBoneSimulator3D" index="3"]
transform = Transform3D(0.0099793915, 0.0006403584, -4.146185e-05, 0.0006348671, -0.009758481, 0.0020902199, 9.338852e-05, -0.0020885444, -0.009779024, 0.00092650927, -0.0072976355, 0.049373858)
joint_type = 1
joint_offset = Transform3D(1, 0, 0, 0, 1, 0, 0, 0, 1, 3.1318086e-07, -1.09202e-06, 0.91964567)
body_offset = Transform3D(0.010000001, 1.1641532e-08, -5.9371814e-09, -5.7189027e-09, 1.21071935e-08, -0.0100000035, -1.1292286e-08, 0.010000003, 1.1874363e-08, 2.3283064e-09, 0.00919646, 0)
bone_name = "Head"
joint_constraints/bias = 0.3
joint_constraints/damping = 1.0
joint_constraints/impulse_clamp = 0.0

[node name="CollisionShape3D" type="CollisionShape3D" parent="Armature/Skeleton3D/PhysicalBoneSimulator3D/Physical Bone Head" index="0"]
transform = Transform3D(1, 0, 0, 0, 0, 1, 0, -1, 0, 0, 0, 0)
shape = SubResource("CapsuleShape3D_mwerr")

[node name="Physical Bone UpperArm_L" type="PhysicalBone3D" parent="Armature/Skeleton3D/PhysicalBoneSimulator3D" index="4"]
transform = Transform3D(-0.009561579, -0.00079261535, -0.0028192166, 0.0013696701, -0.009719327, -0.0019127724, -0.0025884798, -0.0022150523, 0.009401774, 0.016621396, 0.00018925546, 0.02303221)
joint_type = 1
joint_offset = Transform3D(1, 0, 0, 0, 1, 0, 0, 0, 1, -2.0017924e-06, 3.132781e-06, 1.0919899)
body_offset = Transform3D(0.009999999, 1.6298145e-09, 4.6857167e-09, 5.0640665e-09, -1.3969839e-09, -0.010000001, -2.0954758e-09, 0.010000001, -1.3969839e-09, 1.4901161e-08, 0.010919899, -2.9802322e-08)
bone_name = "UpperArm.L"
joint_constraints/bias = 0.3
joint_constraints/damping = 1.0
joint_constraints/impulse_clamp = 0.0

[node name="CollisionShape3D" type="CollisionShape3D" parent="Armature/Skeleton3D/PhysicalBoneSimulator3D/Physical Bone UpperArm_L" index="0"]
transform = Transform3D(1, 0, 0, 0, 0, 1, 0, -1, 0, 0, 0, 0)
shape = SubResource("CapsuleShape3D_ams1h")

[node name="Physical Bone LowerArm_L" type="PhysicalBone3D" parent="Armature/Skeleton3D/PhysicalBoneSimulator3D" index="5"]
transform = Transform3D(-0.006500667, -0.007501428, -0.0012124003, 0.0075582135, -0.006547767, -1.3041485e-05, -0.0007840685, -0.000924836, 0.009926225, 0.020782886, 0.0022896542, 0.0038997643)
joint_type = 1
joint_offset = Transform3D(1, 0, 0, 0, 1, 0, 0, 0, 1, -4.2406836e-07, 6.306102e-06, 0.8931675)
body_offset = Transform3D(0.0100000035, -2.3283064e-09, -4.656613e-10, -4.656613e-10, 2.9685907e-09, -0.0100000035, -9.313226e-10, 0.010000002, 2.386514e-09, 4.656613e-09, 0.008931678, -6.519258e-08)
bone_name = "LowerArm.L"
joint_constraints/bias = 0.3
joint_constraints/damping = 1.0
joint_constraints/impulse_clamp = 0.0

[node name="CollisionShape3D" type="CollisionShape3D" parent="Armature/Skeleton3D/PhysicalBoneSimulator3D/Physical Bone LowerArm_L" index="0"]
transform = Transform3D(1, 0, 0, 0, 0, 1, 0, -1, 0, 0, 0, 0)
shape = SubResource("CapsuleShape3D_e714u")

[node name="Physical Bone UpperArm_R" type="PhysicalBone3D" parent="Armature/Skeleton3D/PhysicalBoneSimulator3D" index="6"]
transform = Transform3D(-0.008999371, 0.0022766532, 0.0037186258, -0.0014905833, -0.009621125, 0.0022830074, 0.0040974985, 0.0015002706, 0.008997763, -0.016289629, -0.007910884, 0.023773447)
joint_type = 1
joint_offset = Transform3D(1, 0, 0, 0, 1, 0, 0, 0, 1, -6.719614e-07, -7.627466e-08, 1.0919912)
body_offset = Transform3D(0.010000001, -3.4924597e-10, -6.693881e-10, -1.9499566e-09, -3.4924597e-10, -0.010000004, 4.656613e-10, 0.010000002, 6.9849193e-10, 7.450581e-09, 0.010919917, 0)
bone_name = "UpperArm.R"
joint_constraints/bias = 0.3
joint_constraints/damping = 1.0
joint_constraints/impulse_clamp = 0.0

[node name="CollisionShape3D" type="CollisionShape3D" parent="Armature/Skeleton3D/PhysicalBoneSimulator3D/Physical Bone UpperArm_R" index="0"]
transform = Transform3D(1, 0, 0, 0, 0, 1, 0, -1, 0, 0, 0, 0)
shape = SubResource("CapsuleShape3D_vturp")

[node name="Physical Bone LowerArm_R" type="PhysicalBone3D" parent="Armature/Skeleton3D/PhysicalBoneSimulator3D" index="7"]
transform = Transform3D(-0.007160326, 0.0068788244, 0.0011880713, -0.0050475737, -0.0062775877, 0.0059256996, 0.0048220074, 0.0036433062, 0.007967095, -0.021411471, -0.015696546, 0.0068320185)
joint_type = 1
joint_offset = Transform3D(1, 0, 0, 0, 1, 0, 0, 0, 1, 3.3093772e-07, -6.8356724e-07, 0.89316654)
body_offset = Transform3D(0.010000001, 6.9849193e-10, 4.656613e-10, -4.656613e-10, 4.656613e-10, -0.010000002, -2.3283064e-10, 0.0100000035, 1.3969839e-09, -3.7252903e-09, 0.008931667, 5.5879354e-09)
bone_name = "LowerArm.R"
joint_constraints/bias = 0.3
joint_constraints/damping = 1.0
joint_constraints/impulse_clamp = 0.0

[node name="CollisionShape3D" type="CollisionShape3D" parent="Armature/Skeleton3D/PhysicalBoneSimulator3D/Physical Bone LowerArm_R" index="0"]
transform = Transform3D(1, 0, 0, 0, 0, 1, 0, -1, 0, 0, 0, 0)
shape = SubResource("CapsuleShape3D_oant3")

[node name="Physical Bone LowerSpine" type="PhysicalBone3D" parent="Armature/Skeleton3D/PhysicalBoneSimulator3D" index="8"]
transform = Transform3D(-4.1982275e-09, -0.009410221, -0.0033834537, 0.010000002, -2.73576e-09, -3.8417056e-09, 2.7939677e-09, -0.003383454, 0.009410222, 0.0027746726, 7.916242e-09, 0.003728509)
joint_offset = Transform3D(1, 0, 0, 0, 1, 0, 0, 0, 1, -4.933357e-07, 1.3709071e-06, 0.82006705)
body_offset = Transform3D(-4.2055035e-09, -0.009410222, -0.003383454, -3.8999133e-09, 0.0033834549, -0.009410224, 0.0100000035, -2.415618e-09, -4.773028e-09, 0.0027746721, 0.0077170096, 8.8475645e-09)
bone_name = "LowerSpine"

[node name="CollisionShape3D" type="CollisionShape3D" parent="Armature/Skeleton3D/PhysicalBoneSimulator3D/Physical Bone LowerSpine" index="0"]
transform = Transform3D(1, 0, 0, 0, 0, 1, 0, -1, 0, 0, 0, 0)
shape = SubResource("CapsuleShape3D_8kjy3")

[node name="Physical Bone Thigh_L" type="PhysicalBone3D" parent="Armature/Skeleton3D/PhysicalBoneSimulator3D" index="9"]
transform = Transform3D(0.009930954, -0.00021553607, -0.001153119, 0.0008299053, 0.008238142, 0.00560752, 0.0008290936, -0.005664502, 0.008199151, 0.0069041546, -0.006588265, -0.013621777)
joint_type = 1
joint_offset = Transform3D(1, 0, 0, 0, 1, 0, 0, 0, 1, -1.2756882e-06, -1.0628764e-06, 1.1748998)
body_offset = Transform3D(0.01, -2.3283064e-10, 5.529728e-10, 1.4551915e-10, 4.656613e-10, -0.0100000035, -1.1641532e-10, 0.010000002, -4.656613e-10, 1.21071935e-08, 0.011749001, 1.1175871e-08)
bone_name = "Thigh.L"
joint_constraints/bias = 0.3
joint_constraints/damping = 1.0
joint_constraints/impulse_clamp = 0.0

[node name="CollisionShape3D" type="CollisionShape3D" parent="Armature/Skeleton3D/PhysicalBoneSimulator3D/Physical Bone Thigh_L" index="0"]
transform = Transform3D(1, 0, 0, 0, 0, 1, 0, -1, 0, 0, 0, 0)
shape = SubResource("CapsuleShape3D_gvpsq")

[node name="Physical Bone Shin_L" type="PhysicalBone3D" parent="Armature/Skeleton3D/PhysicalBoneSimulator3D" index="10"]
transform = Transform3D(0.009986548, 0.0005105455, 9.058237e-05, -0.0003729941, 0.008286824, -0.005584751, -0.000360191, 0.0055738594, 0.00829472, 0.008174127, -0.007946765, -0.031022612)
joint_type = 1
joint_offset = Transform3D(1, 0, 0, 0, 1, 0, 0, 0, 1, -1.4335967e-06, 8.875886e-06, 0.9364529)
body_offset = Transform3D(0.009999999, 1.8975697e-08, 1.5308615e-08, 1.5250407e-08, -9.080395e-08, -0.0100000035, -1.9557774e-08, 0.0100000035, -9.080395e-08, 0, 0.009364532, -3.7252903e-09)
bone_name = "Shin.L"
joint_constraints/bias = 0.3
joint_constraints/damping = 1.0
joint_constraints/impulse_clamp = 0.0

[node name="CollisionShape3D" type="CollisionShape3D" parent="Armature/Skeleton3D/PhysicalBoneSimulator3D/Physical Bone Shin_L" index="0"]
transform = Transform3D(1, 0, 0, 0, 0, 1, 0, -1, 0, 0, 0, 0)
shape = SubResource("CapsuleShape3D_jmt7i")

[node name="Physical Bone Shin_L_001" type="PhysicalBone3D" parent="Armature/Skeleton3D/PhysicalBoneSimulator3D" index="11"]
transform = Transform3D(0.009894002, -0.0009091714, 0.0011323183, 0.00060538243, 0.009670043, 0.0024746298, -0.0013199429, -0.0023798505, 0.009622583, 0.0076224185, -0.0037373693, -0.04275798)
joint_type = 1
joint_offset = Transform3D(1, 0, 0, 0, 1, 0, 0, 0, 1, -2.4879535e-07, -4.17659e-08, 0.41233516)
body_offset = Transform3D(0.010000003, 1.1641532e-10, -7.421477e-10, 1.891749e-10, 1.5133992e-09, -0.010000006, -1.1641532e-10, 0.010000004, -1.1641532e-10, 2.7939677e-09, 0.0041233543, 4.656613e-10)
bone_name = "Shin.L.001"
joint_constraints/bias = 0.3
joint_constraints/damping = 1.0
joint_constraints/impulse_clamp = 0.0

[node name="CollisionShape3D" type="CollisionShape3D" parent="Armature/Skeleton3D/PhysicalBoneSimulator3D/Physical Bone Shin_L_001" index="0"]
transform = Transform3D(1, 0, 0, 0, 0, 1, 0, -1, 0, 0, 0, 0)
shape = SubResource("CapsuleShape3D_gkgp3")

[node name="Physical Bone Thigh_R" type="PhysicalBone3D" parent="Armature/Skeleton3D/PhysicalBoneSimulator3D" index="12"]
transform = Transform3D(0.009903325, 0.0006316306, 0.001234993, -0.0009332516, 0.009620764, 0.0025631895, -0.0010262588, -0.0026536658, 0.009586703, -0.007000444, -0.0030114902, -0.015252087)
joint_type = 1
joint_offset = Transform3D(1, 0, 0, 0, 1, 0, 0, 0, 1, 9.743885e-06, -1.487504e-06, 1.174909)
body_offset = Transform3D(0.01, -4.656613e-10, -4.947651e-10, -7.2759576e-11, -6.9849193e-10, -0.010000002, 5.820766e-11, 0.010000001, -8.1490725e-10, -9.685755e-08, 0.0117490925, 1.5832484e-08)
bone_name = "Thigh.R"
joint_constraints/bias = 0.3
joint_constraints/damping = 1.0
joint_constraints/impulse_clamp = 0.0

[node name="CollisionShape3D" type="CollisionShape3D" parent="Armature/Skeleton3D/PhysicalBoneSimulator3D/Physical Bone Thigh_R" index="0"]
transform = Transform3D(1, 0, 0, 0, 0, 1, 0, -1, 0, 0, 0, 0)
shape = SubResource("CapsuleShape3D_mqqt1")

[node name="Physical Bone Shin_R" type="PhysicalBone3D" parent="Armature/Skeleton3D/PhysicalBoneSimulator3D" index="13"]
transform = Transform3D(0.009990635, -6.6715984e-05, -0.00042749644, -0.0001009237, 0.009248521, -0.003801934, 0.00042073586, 0.0038026886, 0.009239188, -0.008051021, -0.0024626479, -0.035167657)
joint_type = 1
joint_offset = Transform3D(1, 0, 0, 0, 1, 0, 0, 0, 1, 2.855757e-06, 6.577655e-06, 0.93646914)
body_offset = Transform3D(0.010000002, -6.548362e-10, 3.3469405e-10, 1.0186341e-10, 9.313226e-10, -0.010000006, 3.6379788e-10, 0.0100000035, 1.8626451e-09, -2.8871e-08, 0.009364697, -6.752089e-08)
bone_name = "Shin.R"
joint_constraints/bias = 0.3
joint_constraints/damping = 1.0
joint_constraints/impulse_clamp = 0.0

[node name="CollisionShape3D" type="CollisionShape3D" parent="Armature/Skeleton3D/PhysicalBoneSimulator3D/Physical Bone Shin_R" index="0"]
transform = Transform3D(1, 0, 0, 0, 0, 1, 0, -1, 0, 0, 0, 0)
shape = SubResource("CapsuleShape3D_c8sx3")

[node name="Physical Bone Shin_R_001" type="PhysicalBone3D" parent="Armature/Skeleton3D/PhysicalBoneSimulator3D" index="14"]
transform = Transform3D(0.009975885, -0.000117521246, 0.0006840483, -0.00052771653, 0.0051173987, 0.008575182, -0.00045083146, -0.008590602, 0.005098857, -0.007932734, -0.002438175, -0.045921985)
joint_type = 1
joint_offset = Transform3D(1, 0, 0, 0, 1, 0, 0, 0, 1, 5.160825e-07, -2.317269e-06, 0.41233653)
body_offset = Transform3D(0.010000001, -3.1141099e-09, 4.4237822e-09, 5.005859e-09, 9.313226e-10, -0.0100000035, 3.1141099e-09, 0.010000004, -1.3969839e-09, -6.9849193e-09, 0.0041233664, 2.3748726e-08)
bone_name = "Shin.R.001"
joint_constraints/bias = 0.3
joint_constraints/damping = 1.0
joint_constraints/impulse_clamp = 0.0

[node name="CollisionShape3D" type="CollisionShape3D" parent="Armature/Skeleton3D/PhysicalBoneSimulator3D/Physical Bone Shin_R_001" index="0"]
transform = Transform3D(1, 0, 0, 0, 0, 1, 0, -1, 0, 0, 0, 0)
shape = SubResource("CapsuleShape3D_rcrk3")
